group;DATE;HEAT;PI1;PI2;PI3;PI4;PI5;PI6;PI7;PI8;PI9
Canton_s;16/12/08;1;0.582;0.097;-0.020;0.565;0.555;0.373;0.599;0.313;0.084
Canton_s;16/12/08;-1;-0.904;-0.998;0.122;0.666;0.994;1.000;0.794;0.250;-0.779
Canton_s;16/12/08;1;0.099;0.168;0.843;0.848;0.087;0.861;0.751;0.035;0.282
Canton_s;16/12/08;-1;-0.682;-0.905;0.613;0.916;0.693;0.879;0.869;0.696;0.636
Canton_s;16/12/08;1;0.984;0.989;0.958;0.922;0.984;0.981;0.993;0.995;0.993
Canton_s;17/12/08;-1;0.156;0.313;0.817;0.747;0.438;0.578;0.706;0.992;0.994
Canton_s;17/12/08;1;-0.610;-0.873;0.060;0.990;0.751;0.702;1.000;0.989;0.938
Canton_s;17/12/08;-1;-0.673;-0.431;0.943;0.938;0.227;0.913;0.953;0.935;0.568
Canton_s;17/12/08;1;0.869;0.927;0.709;0.659;1.000;0.783;0.996;1.000;0.988
Canton_s;17/12/08;-1;0.263;0.643;0.142;0.372;-0.899;0.888;0.954;0.818;0.048
Canton_s;18/12/08;1;0.331;0.662;0.946;1.000;1.000;1.000;1.000;1.000;1.000
Canton_s;18/12/08;-1;-0.262;-0.153;0.273;0.188;0.117;0.385;0.575;0.092;0.315
Canton_s;18/12/08;1;0.189;0.091;0.546;0.738;-0.997;0.932;0.961;0.286;0.187
Canton_s;18/12/08;-1;0.241;-0.001;0.441;0.527;-0.465;0.820;0.879;0.672;0.735
Canton_s;18/12/08;1;-0.286;0.117;0.336;0.956;0.973;0.953;0.938;1.000;0.955
Canton_s;19/12/08;-1;-0.219;0.254;0.744;0.980;0.837;0.964;0.940;1.000;0.990
Canton_s;19/12/08;1;-0.397;0.985;0.984;0.995;0.991;0.968;0.991;0.938;0.567
Canton_s;19/12/08;-1;-0.496;-0.110;0.802;0.701;0.390;0.698;0.851;0.291;0.427
Canton_s;19/12/08;1;-0.117;0.517;0.642;1.000;-0.657;0.225;0.998;1.000;1.000
Canton_s;19/12/08;-1;-0.662;-0.479;0.294;0.471;-0.960;0.353;0.515;-0.918;-0.578
Canton_s;23/12/08;1;-0.016;-0.251;0.901;0.917;0.248;0.752;0.947;0.917;0.805
Canton_s;23/12/08;-1;-0.145;-0.264;0.909;0.352;1.000;0.744;0.060;1.000;0.912
FoxP_3955;16/12/08;1;-0.338;-0.193;0.806;0.815;0.519;0.748;0.754;0.558;0.407
FoxP_3955;16/12/08;-1;-0.221;0.212;0.763;0.922;0.748;0.828;0.855;0.533;0.618
FoxP_3955;16/12/08;1;0.124;-0.228;0.692;0.922;0.910;0.466;0.448;1.000;1.000
FoxP_3955;16/12/08;-1;0.223;0.372;0.446;0.411;-0.097;0.626;0.593;-0.345;-0.523
FoxP_3955;17/12/08;1;0.528;0.483;0.905;0.866;0.741;0.696;0.900;0.995;0.968
FoxP_3955;17/12/08;-1;0.501;0.282;0.519;0.848;0.373;0.754;0.544;0.177;0.043
FoxP_3955;17/12/08;1;-0.219;-0.198;0.221;0.844;0.538;0.861;0.857;0.609;-0.058
FoxP_3955;17/12/08;-1;-0.325;-0.471;0.375;0.202;0.287;0.413;0.823;-0.597;-0.463
FoxP_3955;18/12/08;1;-0.680;-0.207;0.906;0.929;0.704;0.970;0.948;0.953;0.957
FoxP_3955;18/12/08;-1;0.365;0.754;0.858;0.700;0.653;0.824;0.761;-0.019;0.118
FoxP_3955;18/12/08;1;-0.052;-0.502;0.100;0.818;-0.223;0.623;0.473;-0.985;-0.840
FoxP_3955;18/12/08;-1;-0.163;0.290;0.767;0.693;-0.043;0.665;0.743;0.121;0.216
FoxP_3955;18/12/08;1;0.153;-0.323;0.887;0.983;0.951;0.950;0.859;0.904;0.960
FoxP_3955;19/12/08;-1;0.078;-0.441;0.820;0.854;-0.177;0.855;0.800;-0.646;-0.558
FoxP_3955;19/12/08;1;-0.119;-0.533;0.812;0.672;-0.396;0.767;0.688;0.061;-0.103
FoxP_3955;19/12/08;-1;-0.652;-0.897;0.274;0.138;-0.474;0.117;0.471;-0.401;0.236
FoxP_3955;19/12/08;1;0.408;0.593;0.516;1.000;0.880;0.850;0.785;-0.005;0.109
FoxP_3955;19/12/08;-1;0.121;-0.028;0.377;0.271;-0.948;0.253;0.207;-0.594;-0.469
FoxP_3955;23/12/08;1;0.361;0.168;0.848;0.831;0.022;0.750;0.804;0.622;0.424
FoxP_3955;23/12/08;-1;0.110;-0.448;0.243;0.805;0.456;0.661;0.537;-0.113;-0.150
FoxP-RNAi;20/01/10;1;0.223;-0.071;0.263;-0.037;-0.038;0.127;0.038;-0.776;-0.663
FoxP-RNAi;20/01/10;-1;0.818;0.856;0.842;0.989;0.863;0.925;0.921;0.973;0.965
FoxP-RNAi;21/01/10;1;-0.794;-0.199;-0.730;0.526;0.905;1.000;1.000;1.000;1.000
FoxP-RNAi;21/01/10;-1;0.713;0.851;0.838;0.837;-0.362;0.519;0.796;-0.491;-0.968
FoxP-RNAi;21/01/10;1;-0.916;-0.922;-0.969;0.327;-0.352;0.733;0.536;0.848;0.866
FoxP-RNAi;21/01/10;1;-0.142;0.077;0.751;0.851;-0.631;0.937;0.923;-0.905;-0.863
FoxP-RNAi;22/01/10;1;-0.833;-0.430;0.388;0.759;0.950;0.906;0.802;-0.535;-0.330
FoxP-RNAi;22/01/10;-1;-0.730;-0.780;0.833;0.939;0.865;0.939;0.968;0.394;0.248
FoxP-RNAi;26/01/10;1;-0.422;0.195;0.579;0.668;0.953;0.207;0.496;-0.826;-1.000
FoxP-RNAi;26/01/10;-1;0.699;0.973;0.976;0.677;0.280;0.616;0.639;-0.745;-0.873
FoxP-RNAi;10/02/10;1;0.588;0.869;0.932;0.930;0.420;0.813;0.300;0.072;-0.083
FoxP-RNAi;11/02/10;-1;0.542;-0.098;0.959;0.967;0.955;0.991;0.966;-0.367;-0.049
FoxP-RNAi;12/02/10;1;-0.450;-0.632;0.004;0.143;-0.970;0.022;0.407;-0.056;0.073
FoxP-RNAi;12/02/10;-1;0.366;0.252;0.667;0.911;0.705;0.840;0.996;0.762;0.182
FoxP-RNAi;17/02/10;1;-0.122;0.008;0.838;0.998;0.969;0.928;0.249;0.239;-0.926
FoxP-RNAi;17/02/10;-1;0.500;-0.128;0.915;0.909;0.958;0.923;0.817;0.799;0.941
FoxP-RNAi;20/01/10;1;-0.022;0.366;0.945;0.941;0.773;0.891;0.924;0.594;0.436
FoxP-RNAi;20/01/10;-1;-0.831;-0.976;0.835;0.837;-0.881;0.827;0.742;-0.770;-0.676
FoxP-RNAi;20/01/10;1;0.483;0.084;0.941;0.968;0.667;0.869;0.918;0.742;0.897
FoxP-RNAi;20/01/10;-1;-0.306;-0.550;0.849;0.977;0.900;0.791;0.986;0.863;0.982
FoxP-RNAi;20/01/10;1;0.064;0.573;0.907;0.759;-0.373;0.517;-0.154;-1.000;-0.517
FoxP-RNAi;21/01/10;-1;0.427;0.669;0.594;0.919;0.995;0.988;0.923;0.993;0.915
FoxP-RNAi;21/01/10;1;0.096;0.248;0.723;0.873;0.941;0.359;0.933;0.899;0.838
FoxP-RNAi;26/01/10;-1;-0.333;-0.679;0.642;0.644;0.248;0.559;0.581;-0.715;-0.664
FoxP-RNAi;28/01/10;1;-0.460;-0.699;-0.108;0.799;0.858;1.000;1.000;0.999;1.000
FoxP-RNAi;29/01/10;-1;0.734;0.939;0.907;0.920;0.780;0.967;0.931;0.998;0.743
FoxP-RNAi;02/02/10;1;-0.252;0.253;0.272;0.671;0.588;0.708;0.496;-0.700;-0.574
FoxP-RNAi;03/02/10;-1;0.960;0.790;0.932;0.970;0.471;0.919;0.880;-0.292;-0.734
FoxP-RNAi;03/02/10;1;-0.397;-0.711;0.654;0.995;0.853;-0.264;0.647;0.960;1.000
FoxP-RNAi;05/02/10;-1;0.426;-0.706;0.748;0.860;-0.771;0.788;0.751;0.553;0.240
FoxP-RNAi;05/02/10;1;-0.656;0.343;0.157;0.524;-0.976;0.930;0.979;0.469;-0.092
FoxP-RNAi;05/02/10;-1;-0.236;-0.570;0.839;0.909;0.872;0.994;0.687;0.343;0.955
FoxP-RNAi;05/02/10;1;0.537;0.281;0.882;0.791;-0.143;0.738;0.883;0.281;0.907
FoxP-RNAi;10/02/10;-1;0.160;-0.284;0.915;0.886;0.113;0.911;0.790;-0.405;-0.318
FoxP-RNAi;10/02/10;1;0.226;-0.738;0.932;0.976;-0.443;0.936;0.964;-0.409;-0.494
FoxP-RNAi;10/02/10;-1;0.410;0.605;0.832;0.785;0.099;0.899;0.813;0.714;0.863
FoxP-RNAi;10/02/10;1;-0.821;-0.998;0.581;0.940;-0.181;0.785;0.938;0.456;-0.121
effector_control;25/02/10;1;-0.634;0.119;-0.098;0.919;-0.112;0.544;0.593;-0.778;-0.974
effector_control;26/02/10;-1;-0.051;-0.568;-0.177;0.441;-0.877;0.454;0.585;0.551;0.985
effector_control;26/02/10;1;0.477;0.740;0.113;0.531;0.950;1.000;0.909;0.996;0.993
effector_control;02/03/10;-1;-0.651;-0.259;0.613;0.651;-0.581;0.876;0.912;0.899;0.634
effector_control;03/03/10;1;-0.038;0.616;0.468;1.000;1.000;1.000;1.000;1.000;1.000
effector_control;03/03/10;-1;0.348;0.770;0.733;0.542;0.688;0.874;0.802;0.772;0.597
effector_control;03/03/10;1;0.597;0.502;0.394;0.693;0.177;0.802;0.929;0.827;0.754
effector_control;03/03/10;-1;0.139;-0.003;0.236;-0.170;-0.607;0.979;0.994;1.000;1.000
effector_control;10/03/10;1;0.910;0.433;0.917;1.000;1.000;1.000;0.998;1.000;0.997
effector_control;03/03/10;-1;0.142;0.292;0.374;0.778;0.764;0.373;0.382;0.272;0.345
effector_control;10/03/10;1;0.654;0.712;0.263;0.592;0.833;0.990;1.000;0.999;0.998
effector_control;10/03/10;-1;-0.422;-0.502;0.522;0.219;-0.986;0.527;0.579;-0.623;-0.391
effector_control;17/03/10;1;-0.552;-0.708;-0.161;0.983;0.999;1.000;0.671;0.964;1.000
driver_control;24/02/10;1;-0.644;-0.593;0.109;0.670;1.000;0.897;0.838;-0.769;0.277
driver_control;24/02/10;-1;-0.642;-0.707;0.603;0.350;0.229;0.078;0.052;0.802;0.906
driver_control;24/02/10;1;-0.137;0.742;0.955;0.992;1.000;0.984;0.975;0.960;0.997
driver_control;26/02/10;-1;-0.053;0.384;0.531;0.794;1.000;0.995;1.000;1.000;1.000
driver_control;26/02/10;1;-0.711;-0.298;0.746;0.996;1.000;0.973;0.178;0.891;1.000
driver_control;26/02/10;-1;0.599;0.696;0.905;0.903;0.908;0.938;0.931;0.866;0.961
driver_control;02/03/10;1;0.589;-0.097;0.948;0.900;0.018;0.900;0.819;-0.365;-0.340
driver_control;03/03/10;-1;-0.942;-0.071;0.382;0.250;-0.990;0.428;0.552;-0.494;-0.920
driver_control;03/03/10;1;-0.985;-0.732;0.484;0.963;0.959;0.999;0.731;1.000;1.000
driver_control;09/03/10;-1;0.517;0.336;0.802;0.782;0.051;0.823;0.752;0.389;0.109
driver_control;09/03/10;1;0.693;0.667;0.823;0.906;0.891;0.968;0.980;0.938;0.899
driver_control;09/03/10;-1;-0.808;-0.968;0.764;0.923;-0.007;0.911;0.858;-0.253;0.727
driver_control;10/03/10;1;-0.815;-0.821;0.827;1.000;1.000;1.000;1.000;1.000;1.000
driver_control;10/03/10;-1;-0.784;-0.979;0.779;0.608;-0.864;0.522;0.800;-0.901;-0.976
driver_control;11/03/10;1;0.453;0.515;0.978;0.943;-0.113;0.904;0.989;0.672;0.714
driver_control;11/03/10;-1;-0.802;-0.973;-0.297;0.491;-0.209;0.693;0.767;-0.066;-0.452
driver_control;11/03/10;1;-0.266;-0.833;0.906;0.958;0.708;0.909;0.958;0.733;-0.464
